153,35
0,538
3,2
3,1
3,3
10,311
10,306
10,274
10,11
10,249
10,193
10,159
10,1
10,296
10,2
10,3
11,18
11,5
11,6
11,14
11,15
11,2
11,3
8,6
8,13
8,10
8,8
18,1
18,3
14,1
14,3
13,1
13,3
140,16
140,14
140,13
140,1
133,1
133,7
130,0
129,3
129,2
129,1
129,0
128,3
128,2
128,1
128,0
127,3
127,2
127,1
127,0
126,3
126,2
126,1
126,0
125,3
125,2
125,1
125,0
124,3
124,2
124,1
124,0
123,3
123,2
123,1
123,0
122,7
122,6
122,5
122,4
122,3
122,2
122,1
122,0
121,3
121,2
121,1
121,0
120,6
120,5
120,4
120,3
120,2
120,1
120,0
119,3
119,2
119,1
119,0
118,3
118,2
118,1
118,0
117,3
117,2
117,1
117,0
116,3
116,2
116,1
116,0
115,3
115,2
115,1
115,0
114,3
114,2
114,1
114,0
113,3
113,2
113,1
113,0
112,3
112,2
112,1
112,0
111,3
111,2
111,1
111,0
110,11
110,10
110,9
110,8
110,7
110,6
110,5
110,4
110,3
110,2
110,1
110,0
109,3
109,2
109,1
109,0
108,3
108,1
